<<<<<<< HEAD
1111111111111111111
1000000100000010001
1011101110111011101
1010001000001010001
1010111011101110111
1000100010000000001
1110101110101011011
1000100000101010001
1011011101101010111
1000000001001000001
1101110101001110101
1001000101000010101
1011011101111010001
1010000001000011101
1010111011011010001
1000001010000010001
1011101110111011011
1000000000000000001
1111111111111111111
=======
111111111111111
100000000010001
111010111010101
100000000000101
101111101111101
100010001000001
111010111011101
100000000010001
101110111110111
100010001000001
111011101011101
100000100010001
101110111010111
100000000000001
111111111111111
>>>>>>> 22ef9b58bdd4302c14442873c3c6a623c6baae73
